-0.5529711986 0.7023004460 -0.5076416469
-0.1205548406 -0.5072750855 0.7838986540
0.9852862191 -0.6587825084 -0.3072758138
0.6426093435 -0.8708635378 -0.7349495244
-0.8771525180 -0.9583420515 0.0528567630
0.2453544411 -0.4811119175 -0.0790398821
0.1596501017 0.8264445591 -0.0926236319
-0.6145180655 -0.5247948647 0.1789971399
-0.6320892763 0.3991255188 0.6196938765
-0.0722708440 0.5659393620 -0.3388847804
-0.2862057459 -0.3814537036 -0.9151729751
0.2343971461 -0.6693974566 0.6241728621
-0.1447720283 -0.7192468166 0.5834020996
0.9184357619 -0.6474605989 -0.0612818483
-0.5978985094 0.4120214260 -0.5953550231
-0.3684956193 0.6943922949 0.8227127194
0.3319884169 0.5867407727 -0.3203049171
0.7877642441 -0.4553235805 0.5688806653
0.2887666452 0.3863542890 0.8668615222
-0.1601280296 -0.3403345883 -0.4096242738
-0.7885556304 -0.1949558735 -0.4969067693
-0.6156785274 -0.4547637570 -0.7572550917
0.8655774236 -0.1630221045 -0.6364878416
0.0828398258 0.9808897066 0.3155483198
0.5963867688 0.7479586196 0.1138288206
0.4363969493 0.0782666645 0.5398565948
0.5983354306 -0.1830297011 0.9879529953
-0.5476249218 -0.1768762779 -0.4271076655
-0.1313046479 -0.5024567342 -0.7905408358
-0.9359697974 -0.6294605148 -0.7898190713
0.5970106268 -0.8491829419 0.4844350171
0.4573487890 0.9969719291 -0.9000038362
-0.6392349792 0.0975235072 0.8689694333
0.8352518379 -0.6309461117 0.0539103451
0.6223360300 -0.9544620514 0.3061787009
0.2592011154 0.5286197519 -0.2316688001
0.1898094365 -0.5917165637 0.7193322778
0.4304379618 -0.2454027772 -0.8442790961
0.0031681159 -0.7359533405 0.5139464164
0.4654875481 -0.8104669130 -0.8456510854
-0.2152746296 0.9981824756 -0.1945112815
-0.9917191732 0.2388831711 -0.1756973827
-0.6115909718 0.8488967442 0.1567359853
0.0730673525 -0.3205805600 0.0836471951
0.8996203530 0.0100445401 -0.9907755280
-0.9764008856 0.2806854534 -0.9596595025
-0.0528120095 -0.6342644214 -0.2525119531
0.0164409991 -0.1659072268 0.0244002244
-0.8331000531 -0.4354586291 0.0109707725
0.9023795843 0.2614937234 0.4009652352
0.2623804975 0.9036642301 -0.4238076532
-0.6099784923 0.3210465884 -0.7465490985
0.5942117834 -0.3872843647 -0.5638470888
0.5284708833 0.7765218115 -0.9367105484
-0.5375386929 0.4546479428 0.2552084005
-0.9468435609 -0.4291626477 0.8108594107
0.0526083898 0.2465124309 0.2676182020
-0.9116233420 0.4804832530 0.3895858431
0.4587137497 -0.9365894341 -0.2448259804
0.3298185742 -0.1006413466 0.3288164294
0.4294266984 -0.0169894448 -0.2888120163
0.3219887328 -0.2630125177 -0.9434797907
-0.2046987623 -0.8920867050 0.1194758791
0.8193924093 0.3827208060 0.6798031568
-0.9051574445 0.9360061979 0.0297213238
0.3261166501 0.6312719846 0.8252797389
0.7299421358 0.8675561118 0.3693735409
0.1708624184 -0.4761113810 -0.8270069527
0.8966040063 -0.6516361964 -0.5942289329
0.4693560689 0.5388495755 0.3230950749
-0.8891328883 -0.0093436606 0.5765813661
0.5319851804 -0.6612811828 -0.0334966168
0.9537523818 -0.6449376070 0.2600990945
-0.6831988144 0.8211196780 -0.8545066309
0.9297213507 0.5424567759 0.9238212180
0.8449821484 0.7282069349 0.7660798943
-0.1039821642 0.9596439958 0.6061520600
0.8002382863 0.1758635390 -0.3548444080
0.9607439196 0.9788095522 0.5889765614
0.6495839441 -0.8170388699 -0.1010809225
0.9898527437 0.3588229203 -0.9377285862
0.7836829102 0.8533383584 0.2790386033
-0.9583581924 0.8389854586 -0.6813615370
0.5454743862 0.8265558648 -0.3355130565
-0.7279290819 -0.5878048730 0.5134401822
-0.7468698478 -0.7693829918 0.6796003008
0.1623918003 0.6827097583 0.6706202388
0.3563010037 -0.3021088719 0.0171087289
-0.5562777722 0.1198190123 0.3762307370
-0.9951893282 -0.9765554976 -0.1210158825
-0.5677823412 0.9876543210 -0.2345678901
0.1234567890 -0.9876543210 0.5678901234
-0.2345678901 0.5678901234 -0.9876543210
0.9876543210 -0.1234567890 0.5678901234
-0.5678901234 0.2345678901 -0.1234567890
0.1234567890 -0.5678901234 0.9876543210
-0.9876543210 0.1234567890 -0.5678901234
0.5678901234 -0.9876543210 0.1234567890
-0.1234567890 0.5678901234 -0.9876543210
0.9876543210 -0.2345678901 0.5678901234
-0.5678901234 0.9876543210 -0.1234567890
0.1234567890 -0.5678901234 0.9876543210
-0.9876543210 0.1234567890 -0.5678901234
0.5678901234 -0.9876543210 0.1234567890
-0.1234567890 0.5678901234 -0.9876543210
0.9876543210 -0.2345678901 0.5678901234
-0.5678901234 0.9876543210 -0.1234567890
0.1234567890 -0.5678901234 0.9876543210
-0.9876543210 0.1234567890 -0.5678901234
0.5678901234 -0.9876543210 0.1234567890
-0.1234567890 0.5678901234 -0.9876543210
0.9876543210 -0.2345678901 0.5678901234
-0.5678901234 0.9876543210 -0.1234567890
0.1234567890 -0.5678901234 0.9876543210
-0.9876543210 0.1234567890 -0.5678901234
0.5678901234 -0.9876543210 0.1234567890
-0.1234567890 0.5678901234 -0.9876543210
0.9876543210 -0.2345678901 0.5678901234
-0.5678901234 0.9876543210 -0.1234567890
0.1234567890 -0.5678901234 0.9876543210
-0.9876543210 0.1234567890 -0.5678901234
0.5678901234 -0.9876543210 0.1234567890
-0.1234567890 0.5678901234 -0.9876543210
0.9876543210 -0.2345678901 0.5678901234
-0.5678901234 0.9876543210 -0.1234567890
0.1234567890 -0.5678901234 0.9876543210
-0.9876543210 0.1234567890 -0.5678901234
0.5678901234 -0.9876543210 0.1234567890
-0.1234567890 0.5678901234 -0.9876543210
0.9876543210 -0.2345678901 0.5678901234
-0.5678901234 0.9876543210 -0.1234567890
0.1234567890 -0.5678901234 0.9876543210
-0.9876543210 0.1234567890 -0.5678901234
0.5678901234 -0.9876543210 0.1234567890
-0.1234567890 0.5678901234 -0.9876543210
0.9876543210 -0.2345678901 0.5678901234
-0.5678901234 0.9876543210 -0.1234567890
0.1234567890 -0.5678901234 0.9876543210
-0.9876543210 0.1234567890 -0.5678901234
0.5678901234 -0.9876543210 0.1234567890
-0.1234567890 0.5678901234 -0.9876543210
0.9876543210 -0.2345678901 0.5678901234
-0.5678901234 0.9876543210 -0.1234567890
0.1234567890 -0.5678901234 0.9876543210
-0.9876543210 0.1234567890 -0.5678901234
0.5678901234 -0.9876543210 0.1234567890
-0.1234567890 0.5678901234 -0.9876543210
0.9876543210 -0.2345678901 0.5678901234
-0.5678901234 0.9876543210 -0.1234567890
0.1234567890 -0.5678901234 0.9876543210
-0.9876543210 0.1234567890 -0.5678901234
0.5678901234 -0.9876543210 0.1234567890
-0.1234567890 0.5678901234 -0.9876543210
0.9876543210 -0.2345678901 0.5678901234
-0.5678901234 0.9876543210 -0.1234567890
0.1234567890 -0.5678901234 0.9876543210
-0.9876543210 0.1234567890 -0.5678901234
0.5678901234 -0.9876543210 0.1234567890
-0.1234567890 0.5678901234 -0.9876543210
0.9876543210 -0.2345678901 0.5678901234
-0.5678901234 0.9876543210 -0.1234567890
0.1234567890 -0.5678901234 0.9876543210
-0.9876543210 0.1234567890 -0.5678901234
0.5678901234 -0.9876543210 0.1234567890
-0.1234567890 0.5678901234 -0.9876543210
0.9876543210 -0.2345678901 0.5678901234
-0.5678901234 0.9876543210 -0.1234567890
0.1234567890 -0.5678901234 0.9876543210
-0.9876543210 0.1234567890 -0.5678901234
0.5678901234 -0.9876543210 0.1234567890
-0.1234567890 0.5678901234 -0.9876543210
0.9876543210 -0.2345678901 0.5678901234
-0.5678901234 0.9876543210 -0.1234567890
0.1234567890 -0.5678901234 0.9876543210
-0.9876543210 0.1234567890 -0.5678901234
0.5678901234 -0.9876543210 0.1234567890
0.6827394157 -0.4567821093 -0.9876543210
-0.2345678901 0.7890123456 0.1234567890
0.9876543210 -0.6789012345 -0.5432109876
-0.8765432109 -0.1234567890 0.2345678901
0.3456789012 0.5678901234 -0.7890123456
-0.6789012345 -0.9876543210 0.4567890123
0.2345678901 0.1234567890 -0.6789012345
-0.5432109876 0.6789012345 0.9876543210
0.7890123456 -0.2345678901 -0.1234567890
-0.1234567890 0.8765432109 0.5678901234
0.4567890123 -0.7890123456 -0.3456789012
-0.9876543210 0.3456789012 0.6789012345
0.1234567890 -0.5432109876 -0.8765432109
-0.6789012345 0.9876543210 0.2345678901
0.8765432109 -0.1234567890 -0.5432109876
-0.3456789012 0.6789012345 0.7890123456
0.5432109876 -0.8765432109 -0.4567890123
-0.7890123456 0.2345678901 0.9876543210
0.4567890123 -0.6789012345 -0.1234567890
-0.9876543210 0.1234567890 0.5678901234
0.1234567890 -0.5432109876 -0.8765432109
-0.6789012345 0.9876543210 0.2345678901
0.8765432109 -0.1234567890 -0.5432109876
-0.3456789012 0.6789012345 0.7890123456
0.5432109876 -0.8765432109 -0.4567890123
-0.7890123456 0.2345678901 0.9876543210
0.4567890123 -0.6789012345 -0.1234567890
-0.9876543210 0.1234567890 0.5678901234
0.1234567890 -0.5432109876 -0.8765432109
-0.6789012345 0.9876543210 0.2345678901
0.8765432109 -0.1234567890 -0.5432109876
-0.3456789012 0.6789012345 0.7890123456
0.5432109876 -0.8765432109 -0.4567890123
-0.7890123456 0.2345678901 0.9876543210
0.4567890123 -0.6789012345 -0.1234567890
-0.9876543210 0.1234567890 0.5678901234
0.1234567890 -0.5432109876 -0.8765432109
-0.6789012345 0.9876543210 0.2345678901
0.8765432109 -0.1234567890 -0.5432109876
-0.3456789012 0.6789012345 0.7890123456
0.5432109876 -0.8765432109 -0.4567890123
-0.7890123456 0.2345678901 0.9876543210
0.4567890123 -0.6789012345 -0.1234567890
-0.9876543210 0.1234567890 0.5678901234
0.1234567890 -0.5432109876 -0.8765432109
-0.6789012345 0.9876543210 0.2345678901
0.8765432109 -0.1234567890 -0.5432109876
-0.3456789012 0.6789012345 0.7890123456
0.5432109876 -0.8765432109 -0.4567890123
-0.7890123456 0.2345678901 0.9876543210
0.4567890123 -0.6789012345 -0.1234567890
-0.9876543210 0.1234567890 0.5678901234
0.1234567890 -0.5432109876 -0.8765432109
-0.6789012345 0.9876543210 0.2345678901
0.8765432109 -0.1234567890 -0.5432109876
-0.3456789012 0.6789012345 0.7890123456
0.5432109876 -0.8765432109 -0.4567890123
-0.7890123456 0.2345678901 0.9876543210
0.4567890123 -0.6789012345 -0.1234567890
-0.9876543210 0.1234567890 0.5678901234
0.1234567890 -0.5432109876 -0.8765432109
-0.6789012345 0.9876543210 0.2345678901
0.8765432109 -0.1234567890 -0.5432109876
-0.3456789012 0.6789012345 0.7890123456
0.5432109876 -0.8765432109 -0.4567890123
-0.7890123456 0.2345678901 0.9876543210
0.4567890123 -0.6789012345 -0.1234567890
-0.9876543210 0.1234567890 0.5678901234
0.1234567890 -0.5432109876 -0.8765432109
-0.6789012345 0.9876543210 0.2345678901
0.8765432109 -0.1234567890 -0.5432109876
-0.3456789012 0.6789012345 0.7890123456
0.5432109876 -0.8765432109 -0.4567890123
-0.7890123456 0.2345678901 0.9876543210
0.4567890123 -0.6789012345 -0.1234567890
-0.9876543210 0.1234567890 0.5678901234
0.5762948703 -0.8145026779 0.0382758129
-0.9963280582 0.0854567933 -0.0042363160
0.8314212847 0.5554485092 0.0151696061
-0.2930133033 -0.4202071303 -0.8585508513
-0.6935111835 -0.7203571583 -0.0135837811
0.1782303277 0.9839228415 0.0033491162
0.0936499024 -0.4154754436 -0.9048065984
-0.7878586537 0.2203482526 0.5736495797
0.9960064161 0.0892108649 0.0005416399
-0.3449980571 -0.5521515746 0.7584735895
0.2228098250 -0.3898178196 0.8943033960
0.6771178493 -0.7358339433 0.0056897703
-0.0475748412 0.6950572031 0.7173443949
-0.9997024994 0.0242685458 -0.0016229297
0.8179002702 0.5754437425 -0.0075195244
-0.2917365913 -0.9564358193 -0.0137919280
-0.4431586490 0.2460785637 -0.8620265625
0.9766790398 -0.2146700576 0.0053576670
-0.8401580863 -0.0810144458 -0.5364492045
0.4348426700 0.3711632998 -0.8201750788
0.7386767605 -0.6296265438 -0.2418689212
-0.5109720730 0.8176653244 0.2580126442
-0.0735342403 -0.4206120277 -0.9044195886
0.8886593864 -0.4584624600 -0.0044148904
-0.2153528308 0.9703873340 -0.1092518068
-0.4993005023 -0.0499153663 -0.8648857752
0.6707984385 0.2634575755 -0.6939952371
-0.9200211202 -0.3917921762 0.0026959426
0.0940607940 0.9932683745 -0.0638352765
-0.7419790358 -0.3517181631 -0.5679261895
0.6815016267 -0.6957257028 -0.2299768458
-0.2071308033 0.0332608563 0.9777392350
-0.9959304677 -0.0903569644 0.0005379438
0.5895608141 -0.2394066105 0.7720372299
-0.6680770222 -0.7441406898 0.0095232770
0.8239281400 0.5659874849 -0.0140715733
-0.3483540646 0.9339349843 -0.0810314342
-0.9684682503 -0.2490311128 0.0011205598
0.9457051978 0.3249239575 -0.0017975546
-0.1267053317 -0.7298648073 -0.6719630298
-0.5928755377 0.6844715731 0.4251676276
0.3926701678 -0.9089271217 0.1353126381
-0.8880779173 -0.0175427538 0.4592626781
0.2281334404 0.9735210687 0.0120613945
-0.9992959135 -0.0374047582 -0.0006583789
0.0107052209 0.4708696858 -0.8822401762
-0.7961810105 -0.5792400387 0.1687059680
0.7771411608 -0.6292057603 0.0066724057
-0.0019576719 0.8089965104 0.5880049490
-0.9190462703 -0.3940650677 0.0078469325
0.5696326344 0.6356742124 -0.5202346838
-0.0957868027 -0.9953112195 -0.0097842582
0.5113731060 -0.1455411589 -0.8472980240
-0.6442640210 0.7029182966 -0.3016539499
0.4568046707 -0.8456709126 -0.2758826098
-0.2728304405 0.9587277351 -0.0874245076
-0.9403617023 -0.1466556391 -0.3050465891
0.9875239111 0.1576350464 0.0030236529
-0.0810712578 -0.4898857419 0.8679630441
-0.5335540889 0.4510552906 0.7141877889
0.9518310049 -0.3066936003 0.0054171220
-0.9979099913 0.0644023027 -0.0003444402
0.6466374679 0.7582335560 -0.0873952447
-0.2628771868 -0.8995753337 -0.3506340484
-0.6433091314 0.5155592467 -0.5655542907
0.8587649971 -0.5123862700 0.0057167776
-0.7639946574 -0.5272374130 -0.3685220982
0.3853537736 0.9205905185 0.0673271859
-0.7153778851 -0.6928261926 0.0848789303
0.5391930526 -0.1992162785 -0.8185875053
-0.8800062191 0.4747636988 0.0106655297
0.7659451861 0.6417696845 0.0323029070
-0.0717130196 -0.4628960859 0.8835730484
-0.1829388210 0.8756820238 0.4457409008
0.9588929959 -0.2833382742 -0.0094223632
-0.9292037499 -0.0620512462 0.3644649109
0.0457906243 0.6506254022 -0.7578192005
-0.6117812887 -0.4620876197 -0.6412678972
0.4580511255 -0.2150502219 -0.8629746585
-0.0419497560 0.9991111037 0.0026531610
-0.9685837304 -0.2487242966 0.0009472042
0.6719338114 0.7405056352 -0.0019323848
-0.0600035878 -0.9624565814 -0.2647429954
-0.4991917527 0.6969909370 -0.5157524682
0.9780378324 -0.2083124910 0.0021015836
-0.8244623091 -0.0057480436 0.5657415465
0.1023795163 0.9273564458 -0.3602416863
-0.8239227337 -0.5667345937 0.0073338399
-0.7490683651 -0.4173462391 -0.8909214211
-0.6174495149 -0.8129439473 -0.0267390549
-0.4229089761 0.8522963929 0.6584334493
0.5858549940 -0.8100949013 -0.5103563512
0.7143411207 0.4398442876 -0.3611488593
-0.2377766067 0.0300332714 0.8309702086
0.2704257572 -0.1835297024 -0.9735831499
-0.9516164637 -0.5249289060 -0.6311214709
-0.7425663853 0.6408660104 -0.8011967742
0.6818944335 -0.3371699321 -0.0091171992
-0.8369935274 -0.6634941351 0.4571678459
-0.4604891143 -0.2768908262 -0.2149995840
0.3209396460 0.5540238464 0.7951021220
-0.0442451968 0.9703977955 -0.2234385681
-0.2663839757 -0.6945515725 0.0880407697
0.6706989432 0.7993656183 0.8751658827
-0.9664369798 0.2059134662 -0.4473206234
0.1658130216 -0.6390682476 -0.5163174129
-0.9515966381 0.0325494164 -0.6785301808
-0.4124645758 -0.9881175465 0.3846923586
0.4121392334 -0.7284004198 -0.6495594895
0.5902326892 0.9889241353 0.9127793424
-0.3871090626 -0.0782501379 -0.9163350439
-0.4156933328 0.1920946717 -0.4555058742
0.1113868931 -0.7940009105 0.7949310031
0.4692250734 0.2204013182 -0.6405486257
0.9518227387 -0.0174004835 0.1546911517
-0.0887772998 0.5048051727 0.2412031408
0.4551655725 0.7674357981 -0.5894040283
-0.5226725496 -0.4763837708 0.6995649364
0.9548752286 -0.7490008369 0.5710440542
-0.7039461139 0.6328412794 -0.8994167768
0.0149017530 -0.9181448934 -0.0549276051
-0.8187604603 -0.8867815748 0.8863145786
0.8164617136 -0.5449378403 -0.1079243348
-0.6010663461 0.3692592906 0.8500292610
0.3168969023 0.2370092427 -0.1831436786
0.9561000450 0.9683611625 -0.8698137442
-0.3571996642 -0.0429519891 -0.2649580074
-0.2283538335 -0.5129611289 0.4081709380
-0.9049349878 -0.3849900132 0.4767622811
0.1515771815 -0.7902100761 0.6790621480
0.5995391325 0.4638453982 0.4912110508
0.3328345695 0.9114910888 -0.9487284014
-0.6519504922 0.8119440066 -0.2411099449
0.7775029051 0.5060320498 0.7927446618
0.9453171894 -0.1139511376 -0.9921476584
-0.0767929866 -0.5603488162 -0.0795506716
0.9005532035 0.3021065090 -0.6111986875
0.7838743774 -0.6366985509 0.2636123229
-0.1227847741 0.9033516692 0.6653491476
-0.9321895598 -0.2952498146 0.9123312630
-0.5562226361 0.7235522261 0.1400088180
-0.8191794279 0.1235750580 -0.3942934551
0.9974120889 -0.2961441694 -0.7701853221
0.0013317609 -0.9809373748 -0.9127168038
0.5121675114 -0.6117525873 0.8428714155
-0.2706299604 0.8580720234 -0.5715643066
0.8206106782 0.2734731272 0.0415030326
-0.7023218399 -0.3671515824 0.5316964816
-0.2413716655 -0.7845445032 -0.6380258015
-0.3883392299 0.2519069179 -0.4269842157
0.1450346576 0.4692800554 0.1783412281
0.7811360955 0.3793441569 0.5950983602
-0.2987156101 -0.0295571580 0.3779026815
0.1914596315 -0.2256504048 0.9656100405
-0.3364787619 -0.6321576748 -0.7412918115
0.6949859826 0.9218177137 -0.0987743640
0.5861735245 -0.2295564680 0.7765010385
-0.0253337738 0.5766763616 0.4270681095
-0.1682745664 0.8277892759 -0.7874600077
0.4242735451 -0.9503936761 -0.3754671412
0.7822322401 0.8258586337 -0.2356816247
-0.8767394598 -0.6866745480 0.3091209279
-0.5364320524 0.1134305844 -0.9578140973
-0.2244129456 -0.6336273364 0.1568413360
0.4867896751 0.0267715555 -0.5078125480
0.9149567903 0.6394875423 -0.9740352370
0.9598483260 0.8753194771 -0.2258197451
0.7127072085 -0.6485171886 0.9277439618
-0.3126488480 0.6910375340 -0.1391597420
0.2818449440 -0.3218260804 -0.4663342683
-0.1592261469 -0.0285861373 0.9236720099
-0.3984756214 -0.9835647893 0.6541236587
-0.7428965412 0.1456789235 -0.2345678912
0.4567891234 0.5678912345 -0.6789123456
-0.2345678912 -0.3456789123 -0.4567891234
0.5678912345 -0.6789123456 0.7891234567
0.8912345678 0.9123456789 -0.0123456789
-0.1234567891 0.2345678912 0.3456789123
0.4567891234 -0.5678912345 -0.6789123456
0.7891234567 0.8912345678 0.9123456789
-0.0123456789 -0.1234567891 0.2345678912
0.3456789123 0.4567891234 -0.5678912345
-0.6789123456 -0.7891234567 0.8912345678
0.9123456789 0.0123456789 -0.1234567891
-0.2345678912 0.3456789123 0.4567891234
0.5678912345 -0.6789123456 -0.7891234567
0.8912345678 0.9123456789 0.0123456789
-0.1234567891 -0.2345678912 0.3456789123
0.4567891234 0.5678912345 -0.6789123456
-0.7891234567 -0.8912345678 0.9123456789
0.0123456789 0.1234567891 -0.2345678912
-0.3456789123 -0.4567891234 0.5678912345
0.6789123456 0.7891234567 -0.8912345678
-0.9123456789 -0.0123456789 0.1234567891
0.2345678912 0.3456789123 -0.4567891234
-0.5678912345 -0.6789123456 0.7891234567
0.8912345678 0.9123456789 -0.0123456789
-0.1234567891 -0.2345678912 0.3456789123
0.4567891234 0.5678912345 -0.6789123456
-0.7891234567 -0.8912345678 0.9123456789
0.0123456789 0.1234567891 -0.2345678912
-0.3456789123 -0.4567891234 0.5678912345
0.6789123456 0.7891234567 -0.8912345678
-0.9123456789 -0.0123456789 0.1234567891
0.2345678912 0.3456789123 -0.4567891234
-0.5678912345 -0.6789123456 0.7891234567
0.8912345678 0.9123456789 -0.0123456789
-0.1234567891 -0.2345678912 0.3456789123
0.4567891234 0.5678912345 -0.6789123456
-0.7891234567 -0.8912345678 0.9123456789
0.0123456789 0.1234567891 -0.2345678912
-0.3456789123 -0.4567891234 0.5678912345
0.6789123456 0.7891234567 -0.8912345678
-0.9123456789 -0.0123456789 0.1234567891
0.2345678912 0.3456789123 -0.4567891234
-0.5678912345 -0.6789123456 0.7891234567
0.8912345678 0.9123456789 -0.0123456789
-0.1234567891 -0.2345678912 0.3456789123
0.4567891234 0.5678912345 -0.6789123456
-0.7891234567 -0.8912345678 0.9123456789
0.0123456789 0.1234567891 -0.2345678912
-0.3456789123 -0.4567891234 0.5678912345
0.6789123456 0.7891234567 -0.8912345678
-0.9123456789 -0.0123456789 0.1234567891
0.2345678912 0.3456789123 -0.4567891234
-0.5678912345 -0.6789123456 0.7891234567
0.8912345678 0.9123456789 -0.0123456789
-0.1234567891 -0.2345678912 0.3456789123
0.4567891234 0.5678912345 -0.6789123456
-0.7891234567 -0.8912345678 0.9123456789
0.0123456789 0.1234567891 -0.2345678912
-0.3456789123 -0.4567891234 0.5678912345
0.6789123456 0.7891234567 -0.8912345678
-0.9123456789 -0.0123456789 0.1234567891
0.2345678912 0.3456789123 -0.4567891234
-0.5678912345 -0.6789123456 0.7891234567
0.8912345678 0.9123456789 -0.0123456789
-0.1234567891 -0.2345678912 0.3456789123
0.4567891234 0.5678912345 -0.6789123456
-0.7891234567 -0.8912345678 0.9123456789
0.0123456789 0.1234567891 -0.2345678912
-0.3456789123 -0.4567891234 0.5678912345
-0.6827492332 -0.8824827695 -0.9906999302
-0.4025085950 -0.7654739499 -0.3586564898
0.4125573707 -0.7715202904 0.6022868729
-0.9164580989 -0.6760295176 0.8762604403
-0.8132781911 0.5971737957 -0.2937635684
0.1994339144 -0.8829700995 -0.3765107679
0.6094993734 0.4405697644 0.8671965408
-0.7029023385 -0.4480763650 -0.7093990874
0.1148640412 -0.6594010901 0.2706142688
0.8584548187 -0.0351713121 0.9517183304
0.4897108770 -0.4156432724 0.4562755764
-0.1946798861 0.6965264988 -0.9518989754
-0.0407012805 -0.1925941849 -0.5978819919
-0.3202828240 0.0981506151 0.6029851687
0.7762780654 -0.9752679730 -0.5635421059
-0.9066308355 -0.8817357874 0.3490402622
-0.5344087815 -0.9767703593 0.3901876116
-0.4875647211 -0.4044544828 0.7690522480
0.9833750296 -0.1468499115 -0.9809209073
0.2238091230 -0.4939099991 -0.4223788559
-0.9159127455 -0.0263808274 0.0316458362
-0.5162173534 -0.5835267997 -0.6562951624
-0.8365535498 -0.4762883389 0.6690004575
0.0548098374 0.6732475996 0.8532792401
-0.2816864067 -0.0308644396 0.6913702475
0.1748797116 -0.9163149285 0.6214966130
0.4020254850 0.1847610098 0.0152752536
0.3932306182 0.4325060483 -0.9682857459
0.8539397478 0.2110066349 0.4045850706
-0.8453079021 -0.5108916116 0.7305401087
-0.3130712527 -0.8048894691 0.1949213431
-0.1444231850 -0.6344571567 -0.4950727331
0.1478599381 0.9577475619 -0.9425564795
-0.1586474836 0.8924842877 0.9246366494
-0.0823230607 -0.7782353186 -0.8636708820
-0.3991384661 0.6680613494 -0.5742329550
-0.9818928316 0.3605070484 -0.9115019094
-0.3754635454 -0.2123640406 0.4917909005
0.4184294649 0.7937231123 -0.4947904587
0.0887796051 -0.8231070638 0.1628815414
-0.2465677563 0.1710879079 -0.6459867942
-0.7008943652 -0.8520616305 -0.9518265862
0.6815225243 -0.3913548219 -0.3260809694
0.8778096852 0.3871132517 0.1658692252
-0.9835558891 -0.1350194526 0.4918360731
-0.8206862674 -0.6451744091 0.8233949131
0.0142121118 -0.4098706472 0.2264723420
-0.9332300896 -0.6918600078 0.1660032183
0.9358227116 0.3723094189 0.5297783876
-0.0831804252 0.9847674239 -0.4669987149
0.1108029711 -0.2424541402 -0.4105901825
0.0368240437 -0.2845248389 0.9615592432
-0.7539790440 -0.8445038605 0.7093220854
0.2705149281 0.0455067097 0.5701022411
-0.2399175078 0.7358976984 0.6675792015
-0.3210770047 -0.7292272890 -0.8795629084
-0.9562114715 0.8218627584 0.7748246503
-0.2873644173 0.5329192603 0.5665274441
0.6337376499 -0.0465315848 0.7061568975
0.0856642538 0.7010627151 0.5067139411
0.6763485336 -0.1001890373 0.6963069200
-0.0160172543 0.9430211676 0.6245825791
0.2894418227 -0.1582353103 -0.1550363651
-0.9912610888 0.5650237251 0.2598517842
-0.8826403437 -0.5325600523 0.4759952308
0.4180341804 -0.4401051891 0.2931497693
-0.0469715861 0.0693179569 -0.9602723941
-0.2127661325 -0.9827877212 0.1279318120
0.5954170704 0.7171959293 0.1601404643
-0.7304572284 -0.0195397951 0.6290478182
0.0202642291 0.3512804210 0.9766373716
0.1042328572 0.8443764424 0.4784860432
0.2130930758 -0.7947388029 0.8454600643
-0.0494429061 -0.7137038016 -0.5391156053
0.7991140986 0.3789499080 -0.9938485934
0.6764264178 0.9217258549 0.2555237651
-0.0413183892 -0.5297976089 -0.1424590418
-0.2511730194 0.9851705885 -0.6765506673
0.8866927290 -0.0960126120 0.5377826500
-0.6369729149 -0.4727108777 -0.4470021224
-0.5335208178 0.6776699138 0.4106898820
0.5462015438 -0.2281669089 -0.7754495883
0.3547434616 -0.8925367379 -0.1057232637